512, 512, 512, 512, 512, 512, 500
512, 621, 309, 591, 512, 512, 1000
512, 403, 715, 433, 512, 512, 1000
512, 621, 309, 591, 512, 512, 1000
512, 403, 715, 433, 512, 512, 1000
813, 621, 309, 591, 512, 512, 1000
813, 403, 715, 433, 512, 512, 1000
813, 621, 309, 591, 512, 512, 1000
813, 403, 715, 433, 512, 512, 1000
512, 512, 512, 512, 512, 512, 500

;This is a comment
799, 591, 309, 429, , , 500
800, 594, 536, 579, , , 500
799, 591, 309, 429, , , 500
800, 594, 536, 579, , , 500
799, 591, 309, 429, , , 500
800, 594, 536, 579, , , 500
799, 591, 309, 429, , , 500
800, 594, 536, 579, , , 500
799, 591, 309, 429, , , 500
800, 594, 536, 579, , , 500